0 6 134 2486 2619 2486 786 501 248 210 
0 6 134 2486 2619 2487 786 501 248 210 
0 6 134 2486 2619 2488 786 501 248 210 
0 6 134 2486 2619 2489 786 501 248 210 
0 6 134 2486 2619 2490 786 501 248 210 
0 6 134 2486 2619 2491 786 501 248 210 
0 6 134 2486 2619 2492 786 501 248 210 
0 6 134 2486 2619 2493 786 501 248 210 
0 6 134 2486 2619 2494 786 501 248 210 
0 6 134 2486 2619 2495 786 501 248 210 
0 6 134 2486 2619 2496 786 501 248 210 
0 6 134 2486 2619 2497 786 501 248 210 
0 6 134 2486 2619 2498 786 501 248 210 
0 6 134 2486 2619 2499 786 501 248 210 
0 6 134 2486 2619 2500 786 501 248 210 
0 6 134 2486 2619 2501 786 501 248 210 
0 6 134 2486 2619 2502 786 501 248 210 
0 6 134 2486 2619 2503 786 501 248 210 
0 6 134 2486 2619 2504 786 501 248 210 
0 6 134 2486 2619 2505 786 501 248 210 
0 6 134 2486 2619 2506 786 501 248 210 
0 6 134 2486 2619 2507 786 501 248 210 
0 6 134 2486 2619 2508 786 501 248 210 
0 6 134 2486 2619 2509 786 501 248 210 
0 6 134 2486 2619 2510 786 501 248 210 
0 6 134 2486 2619 2511 786 501 248 210 
0 6 134 2486 2619 2512 786 501 248 210 
0 6 134 2486 2619 2513 786 501 248 210 
0 6 134 2486 2619 2514 786 501 248 210 
0 6 134 2486 2619 2515 786 501 248 210 
0 6 134 2486 2619 2516 786 501 248 210 
0 6 134 2486 2619 2517 786 501 248 210 
0 6 134 2486 2619 2518 786 501 248 210 
0 6 134 2486 2619 2519 786 501 248 210 
0 6 134 2486 2619 2520 786 501 248 210 
0 6 134 2486 2619 2521 786 501 248 210 
0 6 134 2486 2619 2522 786 501 248 210 
0 6 134 2486 2619 2523 786 501 248 210 
0 6 134 2486 2619 2524 786 501 248 210 
0 6 134 2486 2619 2525 786 501 248 210 
0 6 134 2486 2619 2526 786 501 248 210 
0 6 134 2486 2619 2527 786 501 248 210 
0 6 134 2486 2619 2528 786 501 248 210 
0 6 134 2486 2619 2529 786 501 248 210 
0 6 134 2486 2619 2530 786 501 248 210 
0 6 134 2486 2619 2531 786 501 248 210 
0 6 134 2486 2619 2532 786 501 248 210 
0 6 134 2486 2619 2533 786 501 248 210 
0 6 134 2486 2619 2534 786 501 248 210 
0 6 134 2486 2619 2535 786 501 248 210 
0 6 134 2486 2619 2536 786 501 248 210 
0 6 134 2486 2619 2537 786 501 248 210 
0 6 134 2486 2619 2538 786 501 248 210 
0 6 134 2486 2619 2539 786 501 248 210 
0 6 134 2486 2619 2540 786 501 248 210 
0 6 134 2486 2619 2541 786 501 248 210 
0 6 134 2486 2619 2542 786 501 248 210 
0 6 134 2486 2619 2543 786 501 248 210 
0 6 134 2486 2619 2544 786 501 248 210 
0 6 134 2486 2619 2545 786 501 248 210 
0 6 134 2486 2619 2546 786 501 248 210 
0 6 134 2486 2619 2547 786 501 248 210 
0 6 134 2486 2619 2548 786 501 248 210 
0 6 134 2486 2619 2549 786 501 248 210 
0 6 134 2486 2619 2550 786 501 248 210 
0 6 134 2486 2619 2551 786 501 248 210 
0 6 134 2486 2619 2552 786 501 248 210 
0 6 134 2486 2619 2553 786 501 248 210 
0 6 134 2486 2619 2554 786 501 248 210 
0 6 134 2486 2619 2555 786 501 248 210 
0 6 134 2486 2619 2556 786 501 248 210 
0 6 134 2486 2619 2557 786 501 248 210 
0 6 134 2486 2619 2558 786 501 248 210 
0 6 134 2486 2619 2559 786 501 248 210 
0 6 134 2486 2619 2560 786 501 248 210 
0 6 134 2486 2619 2561 786 501 248 210 
0 6 134 2486 2619 2562 786 501 248 210 
0 6 134 2486 2619 2563 786 501 248 210 
0 6 134 2486 2619 2564 786 501 248 210 
0 6 134 2486 2619 2565 786 501 248 210 
0 6 134 2486 2619 2566 786 501 248 210 
0 6 134 2486 2619 2567 786 501 248 210 
0 6 134 2486 2619 2568 786 501 248 210 
0 6 134 2486 2619 2569 786 501 248 210 
0 6 134 2486 2619 2570 786 501 248 210 
0 6 134 2486 2619 2571 786 501 248 210 
0 6 134 2486 2619 2572 786 501 248 210 
0 6 134 2486 2619 2573 786 501 248 210 
0 6 134 2486 2619 2574 786 501 248 210 
0 6 134 2486 2619 2575 786 501 248 210 
0 6 134 2486 2619 2576 786 501 248 210 
0 6 134 2486 2619 2577 786 501 248 210 
0 6 134 2486 2619 2578 786 501 248 210 
0 6 134 2486 2619 2579 786 501 248 210 
0 6 134 2486 2619 2580 786 501 248 210 
0 6 134 2486 2619 2581 786 501 248 210 
0 6 134 2486 2619 2582 786 501 248 210 
0 6 134 2486 2619 2583 786 501 248 210 
0 6 134 2486 2619 2584 786 501 248 210 
0 6 134 2486 2619 2585 786 501 248 210 
0 6 134 2486 2619 2586 786 501 248 210 
0 6 134 2486 2619 2587 786 501 248 210 
0 6 134 2486 2619 2588 786 501 248 210 
0 6 134 2486 2619 2589 786 501 248 210 
0 6 134 2486 2619 2590 786 501 248 210 
0 6 134 2486 2619 2591 786 501 248 210 
0 6 134 2486 2619 2592 786 501 248 210 
0 6 134 2486 2619 2593 786 501 248 210 
0 6 134 2486 2619 2594 786 501 248 210 
0 6 134 2486 2619 2595 786 501 248 210 
0 6 134 2486 2619 2596 786 501 248 210 
0 6 134 2486 2619 2597 786 501 248 210 
0 6 134 2486 2619 2598 786 501 248 210 
0 6 134 2486 2619 2599 786 501 248 210 
0 6 134 2486 2619 2600 786 501 248 210 
0 6 134 2486 2619 2601 786 501 248 210 
0 6 134 2486 2619 2602 786 501 248 210 
0 6 134 2486 2619 2603 786 501 248 210 
0 6 134 2486 2619 2604 786 501 248 210 
0 6 134 2486 2619 2605 786 501 248 210 
0 6 134 2486 2619 2606 786 501 248 210 
0 6 134 2486 2619 2607 786 501 248 210 
0 6 134 2486 2619 2608 786 501 248 210 
0 6 134 2486 2619 2609 786 501 248 210 
0 6 134 2486 2619 2610 786 501 248 210 
0 6 134 2486 2619 2611 786 501 248 210 
0 6 134 2486 2619 2612 786 501 248 210 
0 6 134 2486 2619 2613 786 501 248 210 
0 6 134 2486 2619 2614 786 501 248 210 
0 6 134 2486 2619 2615 786 501 248 210 
0 6 134 2486 2619 2616 786 501 248 210 
0 6 134 2486 2619 2617 786 501 248 210 
0 6 134 2486 2619 2618 786 501 248 210 
0 6 134 2486 2619 2619 786 501 248 210 
1 3 65 3951 4015 3951 872 417 218 207 
1 3 65 3951 4015 3952 872 417 218 207 
1 3 65 3951 4015 3953 872 417 218 207 
1 3 65 3951 4015 3954 872 417 218 207 
1 3 65 3951 4015 3955 872 417 218 207 
1 3 65 3951 4015 3956 872 417 218 207 
1 3 65 3951 4015 3957 872 417 218 207 
1 3 65 3951 4015 3958 872 417 218 207 
1 3 65 3951 4015 3959 872 417 218 207 
1 3 65 3951 4015 3960 872 417 218 207 
1 3 65 3951 4015 3961 872 417 218 207 
1 3 65 3951 4015 3962 872 417 218 207 
1 3 65 3951 4015 3963 872 417 218 207 
1 3 65 3951 4015 3964 872 417 218 207 
1 3 65 3951 4015 3965 872 417 218 207 
1 3 65 3951 4015 3966 872 417 218 207 
1 3 65 3951 4015 3967 872 417 218 207 
1 3 65 3951 4015 3968 872 417 218 207 
1 3 65 3951 4015 3969 872 417 218 207 
1 3 65 3951 4015 3970 872 417 218 207 
1 3 65 3951 4015 3971 872 417 218 207 
1 3 65 3951 4015 3972 872 417 218 207 
1 3 65 3951 4015 3973 872 417 218 207 
1 3 65 3951 4015 3974 872 417 218 207 
1 3 65 3951 4015 3975 872 417 218 207 
1 3 65 3951 4015 3976 872 417 218 207 
1 3 65 3951 4015 3977 872 417 218 207 
1 3 65 3951 4015 3978 872 417 218 207 
1 3 65 3951 4015 3979 872 417 218 207 
1 3 65 3951 4015 3980 872 417 218 207 
1 3 65 3951 4015 3981 872 417 218 207 
1 3 65 3951 4015 3982 872 417 218 207 
1 3 65 3951 4015 3983 872 417 218 207 
1 3 65 3951 4015 3984 872 417 218 207 
1 3 65 3951 4015 3985 872 417 218 207 
1 3 65 3951 4015 3986 872 417 218 207 
1 3 65 3951 4015 3987 872 417 218 207 
1 3 65 3951 4015 3988 872 417 218 207 
1 3 65 3951 4015 3989 872 417 218 207 
1 3 65 3951 4015 3990 872 417 218 207 
1 3 65 3951 4015 3991 872 417 218 207 
1 3 65 3951 4015 3992 872 417 218 207 
1 3 65 3951 4015 3993 872 417 218 207 
1 3 65 3951 4015 3994 872 417 218 207 
1 3 65 3951 4015 3995 872 417 218 207 
1 3 65 3951 4015 3996 872 417 218 207 
1 3 65 3951 4015 3997 872 417 218 207 
1 3 65 3951 4015 3998 872 417 218 207 
1 3 65 3951 4015 3999 872 417 218 207 
1 3 65 3951 4015 4000 872 417 218 207 
1 3 65 3951 4015 4001 872 417 218 207 
1 3 65 3951 4015 4002 872 417 218 207 
1 3 65 3951 4015 4003 872 417 218 207 
1 3 65 3951 4015 4004 872 417 218 207 
1 3 65 3951 4015 4005 872 417 218 207 
1 3 65 3951 4015 4006 872 417 218 207 
1 3 65 3951 4015 4007 872 417 218 207 
1 3 65 3951 4015 4008 872 417 218 207 
1 3 65 3951 4015 4009 872 417 218 207 
1 3 65 3951 4015 4010 872 417 218 207 
1 3 65 3951 4015 4011 872 417 218 207 
1 3 65 3951 4015 4012 872 417 218 207 
1 3 65 3951 4015 4013 872 417 218 207 
1 3 65 3951 4015 4014 872 417 218 207 
1 3 65 3951 4015 4015 872 417 218 207 
2 4 59 4119 4177 4119 878 421 221 211 
2 4 59 4119 4177 4120 878 421 221 211 
2 4 59 4119 4177 4121 878 421 221 211 
2 4 59 4119 4177 4122 878 421 221 211 
2 4 59 4119 4177 4123 878 421 221 211 
2 4 59 4119 4177 4124 878 421 221 211 
2 4 59 4119 4177 4125 878 421 221 211 
2 4 59 4119 4177 4126 878 421 221 211 
2 4 59 4119 4177 4127 878 421 221 211 
2 4 59 4119 4177 4128 878 421 221 211 
2 4 59 4119 4177 4129 878 421 221 211 
2 4 59 4119 4177 4130 878 421 221 211 
2 4 59 4119 4177 4131 878 421 221 211 
2 4 59 4119 4177 4132 878 421 221 211 
2 4 59 4119 4177 4133 878 421 221 211 
2 4 59 4119 4177 4134 878 421 221 211 
2 4 59 4119 4177 4135 878 421 221 211 
2 4 59 4119 4177 4136 878 421 221 211 
2 4 59 4119 4177 4137 878 421 221 211 
2 4 59 4119 4177 4138 878 421 221 211 
2 4 59 4119 4177 4139 878 421 221 211 
2 4 59 4119 4177 4140 878 421 221 211 
2 4 59 4119 4177 4141 878 421 221 211 
2 4 59 4119 4177 4142 878 421 221 211 
2 4 59 4119 4177 4143 878 421 221 211 
2 4 59 4119 4177 4144 878 421 221 211 
2 4 59 4119 4177 4145 878 421 221 211 
2 4 59 4119 4177 4146 878 421 221 211 
2 4 59 4119 4177 4147 878 421 221 211 
2 4 59 4119 4177 4148 878 421 221 211 
2 4 59 4119 4177 4149 878 421 221 211 
2 4 59 4119 4177 4150 878 421 221 211 
2 4 59 4119 4177 4151 878 421 221 211 
2 4 59 4119 4177 4152 878 421 221 211 
2 4 59 4119 4177 4153 878 421 221 211 
2 4 59 4119 4177 4154 878 421 221 211 
2 4 59 4119 4177 4155 878 421 221 211 
2 4 59 4119 4177 4156 878 421 221 211 
2 4 59 4119 4177 4157 878 421 221 211 
2 4 59 4119 4177 4158 878 421 221 211 
2 4 59 4119 4177 4159 878 421 221 211 
2 4 59 4119 4177 4160 878 421 221 211 
2 4 59 4119 4177 4161 878 421 221 211 
2 4 59 4119 4177 4162 878 421 221 211 
2 4 59 4119 4177 4163 878 421 221 211 
2 4 59 4119 4177 4164 878 421 221 211 
2 4 59 4119 4177 4165 878 421 221 211 
2 4 59 4119 4177 4166 878 421 221 211 
2 4 59 4119 4177 4167 878 421 221 211 
2 4 59 4119 4177 4168 878 421 221 211 
2 4 59 4119 4177 4169 878 421 221 211 
2 4 59 4119 4177 4170 878 421 221 211 
2 4 59 4119 4177 4171 878 421 221 211 
2 4 59 4119 4177 4172 878 421 221 211 
2 4 59 4119 4177 4173 878 421 221 211 
2 4 59 4119 4177 4174 878 421 221 211 
2 4 59 4119 4177 4175 878 421 221 211 
2 4 59 4119 4177 4176 878 421 221 211 
2 4 59 4119 4177 4177 878 421 221 211 
3 5 134 4366 4499 4366 787 495 239 227 
3 5 134 4366 4499 4367 787 495 239 227 
3 5 134 4366 4499 4368 787 495 239 227 
3 5 134 4366 4499 4369 787 495 239 227 
3 5 134 4366 4499 4370 787 495 239 227 
3 5 134 4366 4499 4371 787 495 239 227 
3 5 134 4366 4499 4372 787 495 239 227 
3 5 134 4366 4499 4373 787 495 239 227 
3 5 134 4366 4499 4374 787 495 239 227 
3 5 134 4366 4499 4375 787 495 239 227 
3 5 134 4366 4499 4376 787 495 239 227 
3 5 134 4366 4499 4377 787 495 239 227 
3 5 134 4366 4499 4378 787 495 239 227 
3 5 134 4366 4499 4379 787 495 239 227 
3 5 134 4366 4499 4380 787 495 239 227 
3 5 134 4366 4499 4381 787 495 239 227 
3 5 134 4366 4499 4382 787 495 239 227 
3 5 134 4366 4499 4383 787 495 239 227 
3 5 134 4366 4499 4384 787 495 239 227 
3 5 134 4366 4499 4385 787 495 239 227 
3 5 134 4366 4499 4386 787 495 239 227 
3 5 134 4366 4499 4387 787 495 239 227 
3 5 134 4366 4499 4388 787 495 239 227 
3 5 134 4366 4499 4389 787 495 239 227 
3 5 134 4366 4499 4390 787 495 239 227 
3 5 134 4366 4499 4391 787 495 239 227 
3 5 134 4366 4499 4392 787 495 239 227 
3 5 134 4366 4499 4393 787 495 239 227 
3 5 134 4366 4499 4394 787 495 239 227 
3 5 134 4366 4499 4395 787 495 239 227 
3 5 134 4366 4499 4396 787 495 239 227 
3 5 134 4366 4499 4397 787 495 239 227 
3 5 134 4366 4499 4398 787 495 239 227 
3 5 134 4366 4499 4399 787 495 239 227 
3 5 134 4366 4499 4400 787 495 239 227 
3 5 134 4366 4499 4401 787 495 239 227 
3 5 134 4366 4499 4402 787 495 239 227 
3 5 134 4366 4499 4403 787 495 239 227 
3 5 134 4366 4499 4404 787 495 239 227 
3 5 134 4366 4499 4405 787 495 239 227 
3 5 134 4366 4499 4406 787 495 239 227 
3 5 134 4366 4499 4407 787 495 239 227 
3 5 134 4366 4499 4408 787 495 239 227 
3 5 134 4366 4499 4409 787 495 239 227 
3 5 134 4366 4499 4410 787 495 239 227 
3 5 134 4366 4499 4411 787 495 239 227 
3 5 134 4366 4499 4412 787 495 239 227 
3 5 134 4366 4499 4413 787 495 239 227 
3 5 134 4366 4499 4414 787 495 239 227 
3 5 134 4366 4499 4415 787 495 239 227 
3 5 134 4366 4499 4416 787 495 239 227 
3 5 134 4366 4499 4417 787 495 239 227 
3 5 134 4366 4499 4418 787 495 239 227 
3 5 134 4366 4499 4419 787 495 239 227 
3 5 134 4366 4499 4420 787 495 239 227 
3 5 134 4366 4499 4421 787 495 239 227 
3 5 134 4366 4499 4422 787 495 239 227 
3 5 134 4366 4499 4423 787 495 239 227 
3 5 134 4366 4499 4424 787 495 239 227 
3 5 134 4366 4499 4425 787 495 239 227 
3 5 134 4366 4499 4426 787 495 239 227 
3 5 134 4366 4499 4427 787 495 239 227 
3 5 134 4366 4499 4428 787 495 239 227 
3 5 134 4366 4499 4429 787 495 239 227 
3 5 134 4366 4499 4430 787 495 239 227 
3 5 134 4366 4499 4431 787 495 239 227 
3 5 134 4366 4499 4432 787 495 239 227 
3 5 134 4366 4499 4433 787 495 239 227 
3 5 134 4366 4499 4434 787 495 239 227 
3 5 134 4366 4499 4435 787 495 239 227 
3 5 134 4366 4499 4436 787 495 239 227 
3 5 134 4366 4499 4437 787 495 239 227 
3 5 134 4366 4499 4438 787 495 239 227 
3 5 134 4366 4499 4439 787 495 239 227 
3 5 134 4366 4499 4440 787 495 239 227 
3 5 134 4366 4499 4441 787 495 239 227 
3 5 134 4366 4499 4442 787 495 239 227 
3 5 134 4366 4499 4443 787 495 239 227 
3 5 134 4366 4499 4444 787 495 239 227 
3 5 134 4366 4499 4445 787 495 239 227 
3 5 134 4366 4499 4446 787 495 239 227 
3 5 134 4366 4499 4447 787 495 239 227 
3 5 134 4366 4499 4448 787 495 239 227 
3 5 134 4366 4499 4449 787 495 239 227 
3 5 134 4366 4499 4450 787 495 239 227 
3 5 134 4366 4499 4451 787 495 239 227 
3 5 134 4366 4499 4452 787 495 239 227 
3 5 134 4366 4499 4453 787 495 239 227 
3 5 134 4366 4499 4454 787 495 239 227 
3 5 134 4366 4499 4455 787 495 239 227 
3 5 134 4366 4499 4456 787 495 239 227 
3 5 134 4366 4499 4457 787 495 239 227 
3 5 134 4366 4499 4458 787 495 239 227 
3 5 134 4366 4499 4459 787 495 239 227 
3 5 134 4366 4499 4460 787 495 239 227 
3 5 134 4366 4499 4461 787 495 239 227 
3 5 134 4366 4499 4462 787 495 239 227 
3 5 134 4366 4499 4463 787 495 239 227 
3 5 134 4366 4499 4464 787 495 239 227 
3 5 134 4366 4499 4465 787 495 239 227 
3 5 134 4366 4499 4466 787 495 239 227 
3 5 134 4366 4499 4467 787 495 239 227 
3 5 134 4366 4499 4468 787 495 239 227 
3 5 134 4366 4499 4469 787 495 239 227 
3 5 134 4366 4499 4470 787 495 239 227 
3 5 134 4366 4499 4471 787 495 239 227 
3 5 134 4366 4499 4472 787 495 239 227 
3 5 134 4366 4499 4473 787 495 239 227 
3 5 134 4366 4499 4474 787 495 239 227 
3 5 134 4366 4499 4475 787 495 239 227 
3 5 134 4366 4499 4476 787 495 239 227 
3 5 134 4366 4499 4477 787 495 239 227 
3 5 134 4366 4499 4478 787 495 239 227 
3 5 134 4366 4499 4479 787 495 239 227 
3 5 134 4366 4499 4480 787 495 239 227 
3 5 134 4366 4499 4481 787 495 239 227 
3 5 134 4366 4499 4482 787 495 239 227 
3 5 134 4366 4499 4483 787 495 239 227 
3 5 134 4366 4499 4484 787 495 239 227 
3 5 134 4366 4499 4485 787 495 239 227 
3 5 134 4366 4499 4486 787 495 239 227 
3 5 134 4366 4499 4487 787 495 239 227 
3 5 134 4366 4499 4488 787 495 239 227 
3 5 134 4366 4499 4489 787 495 239 227 
3 5 134 4366 4499 4490 787 495 239 227 
3 5 134 4366 4499 4491 787 495 239 227 
3 5 134 4366 4499 4492 787 495 239 227 
3 5 134 4366 4499 4493 787 495 239 227 
3 5 134 4366 4499 4494 787 495 239 227 
3 5 134 4366 4499 4495 787 495 239 227 
3 5 134 4366 4499 4496 787 495 239 227 
3 5 134 4366 4499 4497 787 495 239 227 
3 5 134 4366 4499 4498 787 495 239 227 
3 5 134 4366 4499 4499 787 495 239 227 
5 2 121 4005 4125 4005 863 435 247 196 
5 2 121 4005 4125 4006 863 435 247 196 
5 2 121 4005 4125 4007 863 435 247 196 
5 2 121 4005 4125 4008 863 435 247 196 
5 2 121 4005 4125 4009 863 435 247 196 
5 2 121 4005 4125 4010 863 435 247 196 
5 2 121 4005 4125 4011 863 435 247 196 
5 2 121 4005 4125 4012 863 435 247 196 
5 2 121 4005 4125 4013 863 435 247 196 
5 2 121 4005 4125 4014 863 435 247 196 
5 2 121 4005 4125 4015 863 435 247 196 
5 2 121 4005 4125 4016 863 435 247 196 
5 2 121 4005 4125 4017 863 435 247 196 
5 2 121 4005 4125 4018 863 435 247 196 
5 2 121 4005 4125 4019 863 435 247 196 
5 2 121 4005 4125 4020 863 435 247 196 
5 2 121 4005 4125 4021 863 435 247 196 
5 2 121 4005 4125 4022 863 435 247 196 
5 2 121 4005 4125 4023 863 435 247 196 
5 2 121 4005 4125 4024 863 435 247 196 
5 2 121 4005 4125 4025 863 435 247 196 
5 2 121 4005 4125 4026 863 435 247 196 
5 2 121 4005 4125 4027 863 435 247 196 
5 2 121 4005 4125 4028 863 435 247 196 
5 2 121 4005 4125 4029 863 435 247 196 
5 2 121 4005 4125 4030 863 435 247 196 
5 2 121 4005 4125 4031 863 435 247 196 
5 2 121 4005 4125 4032 863 435 247 196 
5 2 121 4005 4125 4033 863 435 247 196 
5 2 121 4005 4125 4034 863 435 247 196 
5 2 121 4005 4125 4035 863 435 247 196 
5 2 121 4005 4125 4036 863 435 247 196 
5 2 121 4005 4125 4037 863 435 247 196 
5 2 121 4005 4125 4038 863 435 247 196 
5 2 121 4005 4125 4039 863 435 247 196 
5 2 121 4005 4125 4040 863 435 247 196 
5 2 121 4005 4125 4041 863 435 247 196 
5 2 121 4005 4125 4042 863 435 247 196 
5 2 121 4005 4125 4043 863 435 247 196 
5 2 121 4005 4125 4044 863 435 247 196 
5 2 121 4005 4125 4045 863 435 247 196 
5 2 121 4005 4125 4046 863 435 247 196 
5 2 121 4005 4125 4047 863 435 247 196 
5 2 121 4005 4125 4048 863 435 247 196 
5 2 121 4005 4125 4049 863 435 247 196 
5 2 121 4005 4125 4050 863 435 247 196 
5 2 121 4005 4125 4051 863 435 247 196 
5 2 121 4005 4125 4052 863 435 247 196 
5 2 121 4005 4125 4053 863 435 247 196 
5 2 121 4005 4125 4054 863 435 247 196 
5 2 121 4005 4125 4055 863 435 247 196 
5 2 121 4005 4125 4056 863 435 247 196 
5 2 121 4005 4125 4057 863 435 247 196 
5 2 121 4005 4125 4058 863 435 247 196 
5 2 121 4005 4125 4059 863 435 247 196 
5 2 121 4005 4125 4060 863 435 247 196 
5 2 121 4005 4125 4061 863 435 247 196 
5 2 121 4005 4125 4062 863 435 247 196 
5 2 121 4005 4125 4063 863 435 247 196 
5 2 121 4005 4125 4064 863 435 247 196 
5 2 121 4005 4125 4065 863 435 247 196 
5 2 121 4005 4125 4066 863 435 247 196 
5 2 121 4005 4125 4067 863 435 247 196 
5 2 121 4005 4125 4068 863 435 247 196 
5 2 121 4005 4125 4069 863 435 247 196 
5 2 121 4005 4125 4070 863 435 247 196 
5 2 121 4005 4125 4071 863 435 247 196 
5 2 121 4005 4125 4072 863 435 247 196 
5 2 121 4005 4125 4073 863 435 247 196 
5 2 121 4005 4125 4074 863 435 247 196 
5 2 121 4005 4125 4075 863 435 247 196 
5 2 121 4005 4125 4076 863 435 247 196 
5 2 121 4005 4125 4077 863 435 247 196 
5 2 121 4005 4125 4078 863 435 247 196 
5 2 121 4005 4125 4079 863 435 247 196 
5 2 121 4005 4125 4080 863 435 247 196 
5 2 121 4005 4125 4081 863 435 247 196 
5 2 121 4005 4125 4082 863 435 247 196 
5 2 121 4005 4125 4083 863 435 247 196 
5 2 121 4005 4125 4084 863 435 247 196 
5 2 121 4005 4125 4085 863 435 247 196 
5 2 121 4005 4125 4086 863 435 247 196 
5 2 121 4005 4125 4087 863 435 247 196 
5 2 121 4005 4125 4088 863 435 247 196 
5 2 121 4005 4125 4089 863 435 247 196 
5 2 121 4005 4125 4090 863 435 247 196 
5 2 121 4005 4125 4091 863 435 247 196 
5 2 121 4005 4125 4092 863 435 247 196 
5 2 121 4005 4125 4093 863 435 247 196 
5 2 121 4005 4125 4094 863 435 247 196 
5 2 121 4005 4125 4095 863 435 247 196 
5 2 121 4005 4125 4096 863 435 247 196 
5 2 121 4005 4125 4097 863 435 247 196 
5 2 121 4005 4125 4098 863 435 247 196 
5 2 121 4005 4125 4099 863 435 247 196 
5 2 121 4005 4125 4100 863 435 247 196 
5 2 121 4005 4125 4101 863 435 247 196 
5 2 121 4005 4125 4102 863 435 247 196 
5 2 121 4005 4125 4103 863 435 247 196 
5 2 121 4005 4125 4104 863 435 247 196 
5 2 121 4005 4125 4105 863 435 247 196 
5 2 121 4005 4125 4106 863 435 247 196 
5 2 121 4005 4125 4107 863 435 247 196 
5 2 121 4005 4125 4108 863 435 247 196 
5 2 121 4005 4125 4109 863 435 247 196 
5 2 121 4005 4125 4110 863 435 247 196 
5 2 121 4005 4125 4111 863 435 247 196 
5 2 121 4005 4125 4112 863 435 247 196 
5 2 121 4005 4125 4113 863 435 247 196 
5 2 121 4005 4125 4114 863 435 247 196 
5 2 121 4005 4125 4115 863 435 247 196 
5 2 121 4005 4125 4116 863 435 247 196 
5 2 121 4005 4125 4117 863 435 247 196 
5 2 121 4005 4125 4118 863 435 247 196 
5 2 121 4005 4125 4119 863 435 247 196 
5 2 121 4005 4125 4120 863 435 247 196 
5 2 121 4005 4125 4121 863 435 247 196 
5 2 121 4005 4125 4122 863 435 247 196 
5 2 121 4005 4125 4123 863 435 247 196 
5 2 121 4005 4125 4124 863 435 247 196 
5 2 121 4005 4125 4125 863 435 247 196 
23 9 529 3443 3971 3443 1796 58 88 130 
23 9 529 3443 3971 3444 1793 58 88 130 
23 9 529 3443 3971 3445 1791 58 88 130 
23 9 529 3443 3971 3446 1789 58 88 130 
23 9 529 3443 3971 3447 1787 58 86 130 
23 9 529 3443 3971 3448 1785 58 86 130 
23 9 529 3443 3971 3449 1783 58 86 130 
23 9 529 3443 3971 3450 1782 58 84 130 
23 9 529 3443 3971 3451 1780 58 84 130 
23 9 529 3443 3971 3452 1778 59 84 130 
23 9 529 3443 3971 3453 1776 59 84 130 
23 9 529 3443 3971 3454 1775 59 84 130 
23 9 529 3443 3971 3455 1774 59 84 130 
23 9 529 3443 3971 3456 1772 59 84 130 
23 9 529 3443 3971 3457 1770 59 84 130 
23 9 529 3443 3971 3458 1768 59 84 130 
23 9 529 3443 3971 3459 1767 60 82 130 
23 9 529 3443 3971 3460 1765 60 82 130 
23 9 529 3443 3971 3461 1763 60 82 130 
23 9 529 3443 3971 3462 1761 60 82 132 
23 9 529 3443 3971 3463 1761 61 80 130 
23 9 529 3443 3971 3464 1759 61 80 130 
23 9 529 3443 3971 3465 1757 61 80 132 
23 9 529 3443 3971 3466 1755 62 80 130 
23 9 529 3443 3971 3467 1754 62 78 130 
23 9 529 3443 3971 3468 1752 62 78 132 
23 9 529 3443 3971 3469 1750 62 78 132 
23 9 529 3443 3971 3470 1748 63 78 130 
23 9 529 3443 3971 3471 1748 63 76 130 
23 9 529 3443 3971 3472 1745 63 78 132 
23 9 529 3443 3971 3473 1743 64 78 130 
23 9 529 3443 3971 3474 1741 64 78 130 
23 9 529 3443 3971 3475 1741 64 76 132 
23 9 529 3443 3971 3476 1739 64 76 132 
23 9 529 3443 3971 3477 1737 65 76 130 
23 9 529 3443 3971 3478 1735 65 76 132 
23 9 529 3443 3971 3479 1734 65 74 132 
23 9 529 3443 3971 3480 1732 66 74 130 
23 9 529 3443 3971 3481 1730 66 74 132 
23 9 529 3443 3971 3482 1728 66 74 132 
23 9 529 3443 3971 3483 1728 66 72 132 
23 9 529 3443 3971 3484 1726 67 72 132 
23 9 529 3443 3971 3485 1724 67 72 132 
23 9 529 3443 3971 3486 1722 67 72 132 
23 9 529 3443 3971 3487 1721 68 72 132 
23 9 529 3443 3971 3488 1718 68 74 132 
23 9 529 3443 3971 3489 1717 69 74 132 
23 9 529 3443 3971 3490 1716 69 74 132 
23 9 529 3443 3971 3491 1715 70 74 132 
23 9 529 3443 3971 3492 1714 70 74 132 
23 9 529 3443 3971 3493 1713 71 74 132 
23 9 529 3443 3971 3494 1712 71 74 132 
23 9 529 3443 3971 3495 1711 72 74 132 
23 9 529 3443 3971 3496 1710 71 74 133 
23 9 529 3443 3971 3497 1709 73 74 132 
23 9 529 3443 3971 3498 1708 72 74 133 
23 9 529 3443 3971 3499 1707 74 74 132 
23 9 529 3443 3971 3500 1706 73 74 133 
23 9 529 3443 3971 3501 1705 75 74 132 
23 9 529 3443 3971 3502 1704 74 74 133 
23 9 529 3443 3971 3503 1703 75 74 133 
23 9 529 3443 3971 3504 1702 77 74 132 
23 9 529 3443 3971 3505 1701 76 74 133 
23 9 529 3443 3971 3506 1700 78 74 132 
23 9 529 3443 3971 3507 1699 77 74 133 
23 9 529 3443 3971 3508 1698 79 74 132 
23 9 529 3443 3971 3509 1697 78 74 133 
23 9 529 3443 3971 3510 1696 80 74 132 
23 9 529 3443 3971 3511 1695 79 74 133 
23 9 529 3443 3971 3512 1694 80 74 133 
23 9 529 3443 3971 3513 1693 80 74 133 
23 9 529 3443 3971 3514 1692 81 74 133 
23 9 529 3443 3971 3515 1691 81 74 133 
23 9 529 3443 3971 3516 1690 82 74 133 
23 9 529 3443 3971 3517 1689 82 74 133 
23 9 529 3443 3971 3518 1688 83 74 133 
23 9 529 3443 3971 3519 1686 84 76 133 
23 9 529 3443 3971 3520 1685 84 76 133 
23 9 529 3443 3971 3521 1684 85 76 133 
23 9 529 3443 3971 3522 1683 85 76 133 
23 9 529 3443 3971 3523 1682 86 76 133 
23 9 529 3443 3971 3524 1681 86 76 133 
23 9 529 3443 3971 3525 1680 87 76 133 
23 9 529 3443 3971 3526 1679 87 76 135 
23 9 529 3443 3971 3527 1678 88 76 133 
23 9 529 3443 3971 3528 1677 88 76 135 
23 9 529 3443 3971 3529 1676 89 76 133 
23 9 529 3443 3971 3530 1675 89 76 135 
23 9 529 3443 3971 3531 1674 90 76 133 
23 9 529 3443 3971 3532 1673 90 76 135 
23 9 529 3443 3971 3533 1672 91 76 133 
23 9 529 3443 3971 3534 1671 92 76 133 
23 9 529 3443 3971 3535 1670 92 76 135 
23 9 529 3443 3971 3536 1669 93 76 133 
23 9 529 3443 3971 3537 1668 93 76 135 
23 9 529 3443 3971 3538 1667 94 76 133 
23 9 529 3443 3971 3539 1666 94 76 135 
23 9 529 3443 3971 3540 1665 95 76 133 
23 9 529 3443 3971 3541 1664 95 76 135 
23 9 529 3443 3971 3542 1663 96 76 135 
23 9 529 3443 3971 3543 1662 96 76 135 
23 9 529 3443 3971 3544 1661 97 76 135 
23 9 529 3443 3971 3545 1660 97 76 135 
23 9 529 3443 3971 3546 1659 98 76 135 
23 9 529 3443 3971 3547 1658 98 76 135 
23 9 529 3443 3971 3548 1657 99 76 135 
23 9 529 3443 3971 3549 1655 100 78 135 
23 9 529 3443 3971 3550 1653 100 80 135 
23 9 529 3443 3971 3551 1652 101 80 135 
23 9 529 3443 3971 3552 1651 101 80 136 
23 9 529 3443 3971 3553 1650 102 80 135 
23 9 529 3443 3971 3554 1649 103 80 135 
23 9 529 3443 3971 3555 1648 103 80 136 
23 9 529 3443 3971 3556 1647 104 80 136 
23 9 529 3443 3971 3557 1646 104 80 136 
23 9 529 3443 3971 3558 1645 105 80 136 
23 9 529 3443 3971 3559 1644 106 80 136 
23 9 529 3443 3971 3560 1643 106 80 138 
23 9 529 3443 3971 3561 1640 107 82 136 
23 9 529 3443 3971 3562 1639 108 82 136 
23 9 529 3443 3971 3563 1638 108 82 138 
23 9 529 3443 3971 3564 1637 109 82 138 
23 9 529 3443 3971 3565 1636 109 82 138 
23 9 529 3443 3971 3566 1635 110 82 138 
23 9 529 3443 3971 3567 1634 111 82 138 
23 9 529 3443 3971 3568 1633 110 82 139 
23 9 529 3443 3971 3569 1632 112 82 138 
23 9 529 3443 3971 3570 1631 111 82 139 
23 9 529 3443 3971 3571 1630 112 82 139 
23 9 529 3443 3971 3572 1629 113 82 139 
23 9 529 3443 3971 3573 1627 113 84 139 
23 9 529 3443 3971 3574 1626 114 84 139 
23 9 529 3443 3971 3575 1625 115 84 139 
23 9 529 3443 3971 3576 1624 115 84 141 
23 9 529 3443 3971 3577 1623 116 84 139 
23 9 529 3443 3971 3578 1622 116 84 141 
23 9 529 3443 3971 3579 1621 117 84 141 
23 9 529 3443 3971 3580 1620 118 84 141 
23 9 529 3443 3971 3581 1619 118 84 141 
23 9 529 3443 3971 3582 1618 119 84 141 
23 9 529 3443 3971 3583 1617 120 84 141 
23 9 529 3443 3971 3584 1616 120 84 142 
23 9 529 3443 3971 3585 1613 121 86 141 
23 9 529 3443 3971 3586 1612 121 86 142 
23 9 529 3443 3971 3587 1611 122 86 142 
23 9 529 3443 3971 3588 1610 123 86 142 
23 9 529 3443 3971 3589 1609 123 86 142 
23 9 529 3443 3971 3590 1608 124 86 142 
23 9 529 3443 3971 3591 1607 124 86 144 
23 9 529 3443 3971 3592 1606 125 86 144 
23 9 529 3443 3971 3593 1605 126 86 142 
23 9 529 3443 3971 3594 1604 126 86 144 
23 9 529 3443 3971 3595 1603 127 86 144 
23 9 529 3443 3971 3596 1602 128 88 144 
23 9 529 3443 3971 3597 1600 128 88 144 
23 9 529 3443 3971 3598 1599 129 88 144 
23 9 529 3443 3971 3599 1598 128 88 145 
23 9 529 3443 3971 3600 1597 129 88 145 
23 9 529 3443 3971 3601 1595 129 88 145 
23 9 529 3443 3971 3602 1594 130 88 145 
23 9 529 3443 3971 3603 1593 131 88 145 
23 9 529 3443 3971 3604 1592 131 88 147 
23 9 529 3443 3971 3605 1591 132 88 147 
23 9 529 3443 3971 3606 1589 132 88 147 
23 9 529 3443 3971 3607 1588 133 88 147 
23 9 529 3443 3971 3608 1587 134 88 147 
23 9 529 3443 3971 3609 1586 134 88 148 
23 9 529 3443 3971 3610 1584 135 88 147 
23 9 529 3443 3971 3611 1583 135 88 148 
23 9 529 3443 3971 3612 1582 136 88 148 
23 9 529 3443 3971 3613 1581 136 88 150 
23 9 529 3443 3971 3614 1580 137 88 150 
23 9 529 3443 3971 3615 1578 138 88 148 
23 9 529 3443 3971 3616 1577 138 88 150 
23 9 529 3443 3971 3617 1576 139 88 150 
23 9 529 3443 3971 3618 1575 138 88 151 
23 9 529 3443 3971 3619 1573 140 88 150 
23 9 529 3443 3971 3620 1572 141 88 150 
23 9 529 3443 3971 3621 1571 140 88 151 
23 9 529 3443 3971 3622 1570 141 88 151 
23 9 529 3443 3971 3623 1569 141 88 153 
23 9 529 3443 3971 3624 1567 142 88 151 
23 9 529 3443 3971 3625 1566 142 88 153 
23 9 529 3443 3971 3626 1565 143 88 153 
23 9 529 3443 3971 3627 1564 144 88 153 
23 9 529 3443 3971 3628 1562 144 88 153 
23 9 529 3443 3971 3629 1561 145 88 153 
23 9 529 3443 3971 3630 1560 145 88 154 
23 9 529 3443 3971 3631 1559 146 88 154 
23 9 529 3443 3971 3632 1558 147 88 154 
23 9 529 3443 3971 3633 1556 147 88 154 
23 9 529 3443 3971 3634 1555 148 88 154 
23 9 529 3443 3971 3635 1554 148 88 156 
23 9 529 3443 3971 3636 1553 149 88 156 
23 9 529 3443 3971 3637 1552 150 88 156 
23 9 529 3443 3971 3638 1550 150 88 156 
23 9 529 3443 3971 3639 1548 151 88 156 
23 9 529 3443 3971 3640 1547 152 88 156 
23 9 529 3443 3971 3641 1545 151 88 157 
23 9 529 3443 3971 3642 1544 152 88 157 
23 9 529 3443 3971 3643 1542 154 88 156 
23 9 529 3443 3971 3644 1541 155 88 156 
23 9 529 3443 3971 3645 1539 154 88 157 
23 9 529 3443 3971 3646 1538 155 88 157 
23 9 529 3443 3971 3647 1536 156 88 157 
23 9 529 3443 3971 3648 1535 157 88 157 
23 9 529 3443 3971 3649 1533 157 88 157 
23 9 529 3443 3971 3650 1532 158 88 157 
23 9 529 3443 3971 3651 1530 159 88 157 
23 9 529 3443 3971 3652 1529 159 88 159 
23 9 529 3443 3971 3653 1527 160 88 159 
23 9 529 3443 3971 3654 1526 161 88 159 
23 9 529 3443 3971 3655 1524 162 88 157 
23 9 529 3443 3971 3656 1523 162 88 159 
23 9 529 3443 3971 3657 1521 163 88 159 
23 9 529 3443 3971 3658 1520 164 88 159 
23 9 529 3443 3971 3659 1518 165 88 159 
23 9 529 3443 3971 3660 1517 165 88 160 
23 9 529 3443 3971 3661 1515 166 88 159 
23 9 529 3443 3971 3662 1512 167 90 159 
23 9 529 3443 3971 3663 1512 168 88 159 
23 9 529 3443 3971 3664 1509 168 90 160 
23 9 529 3443 3971 3665 1509 169 88 160 
23 9 529 3443 3971 3666 1506 170 90 160 
23 9 529 3443 3971 3667 1506 170 88 160 
23 9 529 3443 3971 3668 1503 171 90 160 
23 9 529 3443 3971 3669 1503 172 88 160 
23 9 529 3443 3971 3670 1500 173 90 160 
23 9 529 3443 3971 3671 1500 173 88 162 
23 9 529 3443 3971 3672 1497 174 90 162 
23 9 529 3443 3971 3673 1497 175 88 160 
23 9 529 3443 3971 3674 1494 176 90 160 
23 9 529 3443 3971 3675 1494 176 88 162 
23 9 529 3443 3971 3676 1491 177 90 162 
23 9 529 3443 3971 3677 1491 178 88 162 
23 9 529 3443 3971 3678 1488 179 90 162 
23 9 529 3443 3971 3679 1488 179 88 162 
23 9 529 3443 3971 3680 1485 180 90 162 
23 9 529 3443 3971 3681 1485 181 88 162 
23 9 529 3443 3971 3682 1482 180 90 163 
23 9 529 3443 3971 3683 1482 181 88 163 
23 9 529 3443 3971 3684 1479 182 90 163 
23 9 529 3443 3971 3685 1477 184 90 162 
23 9 529 3443 3971 3686 1476 183 90 163 
23 9 529 3443 3971 3687 1474 184 90 163 
23 9 529 3443 3971 3688 1473 185 90 163 
23 9 529 3443 3971 3689 1471 186 90 163 
23 9 529 3443 3971 3690 1470 186 90 165 
23 9 529 3443 3971 3691 1468 187 90 163 
23 9 529 3443 3971 3692 1467 188 90 163 
23 9 529 3443 3971 3693 1465 189 90 163 
23 9 529 3443 3971 3694 1464 189 90 165 
23 9 529 3443 3971 3695 1462 190 90 165 
23 9 529 3443 3971 3696 1461 191 90 165 
23 9 529 3443 3971 3697 1459 191 90 165 
23 9 529 3443 3971 3698 1458 192 90 165 
23 9 529 3443 3971 3699 1456 193 90 165 
23 9 529 3443 3971 3700 1455 194 90 165 
23 9 529 3443 3971 3701 1453 194 90 166 
23 9 529 3443 3971 3702 1452 195 90 166 
23 9 529 3443 3971 3703 1450 196 90 165 
23 9 529 3443 3971 3704 1449 197 90 165 
23 9 529 3443 3971 3705 1447 197 90 166 
23 9 529 3443 3971 3706 1446 198 90 166 
23 9 529 3443 3971 3707 1444 199 90 166 
23 9 529 3443 3971 3708 1443 200 90 166 
23 9 529 3443 3971 3709 1441 200 90 166 
23 9 529 3443 3971 3710 1440 201 90 166 
23 9 529 3443 3971 3711 1438 202 90 166 
23 9 529 3443 3971 3712 1437 203 90 166 
23 9 529 3443 3971 3713 1435 203 90 168 
23 9 529 3443 3971 3714 1434 204 90 168 
23 9 529 3443 3971 3715 1433 205 90 168 
23 9 529 3443 3971 3716 1431 206 90 168 
23 9 529 3443 3971 3717 1430 207 90 168 
23 9 529 3443 3971 3718 1428 206 90 169 
23 9 529 3443 3971 3719 1427 207 90 169 
23 9 529 3443 3971 3720 1425 208 90 169 
23 9 529 3443 3971 3721 1424 209 90 169 
23 9 529 3443 3971 3722 1422 210 92 169 
23 9 529 3443 3971 3723 1421 210 90 171 
23 9 529 3443 3971 3724 1419 211 92 171 
23 9 529 3443 3971 3725 1418 212 90 171 
23 9 529 3443 3971 3726 1416 213 92 171 
23 9 529 3443 3971 3727 1415 214 90 171 
23 9 529 3443 3971 3728 1413 214 92 172 
23 9 529 3443 3971 3729 1412 215 90 172 
23 9 529 3443 3971 3730 1410 216 92 172 
23 9 529 3443 3971 3731 1409 217 90 172 
23 9 529 3443 3971 3732 1407 218 92 172 
23 9 529 3443 3971 3733 1406 219 90 172 
23 9 529 3443 3971 3734 1404 219 92 174 
23 9 529 3443 3971 3735 1403 220 90 174 
23 9 529 3443 3971 3736 1401 221 92 174 
23 9 529 3443 3971 3737 1400 222 90 174 
23 9 529 3443 3971 3738 1398 223 92 174 
23 9 529 3443 3971 3739 1397 224 90 174 
23 9 529 3443 3971 3740 1395 225 92 174 
23 9 529 3443 3971 3741 1394 224 90 175 
23 9 529 3443 3971 3742 1392 225 90 175 
23 9 529 3443 3971 3743 1390 226 92 175 
23 9 529 3443 3971 3744 1389 227 90 175 
23 9 529 3443 3971 3745 1387 228 92 175 
23 9 529 3443 3971 3746 1386 229 90 175 
23 9 529 3443 3971 3747 1384 230 92 175 
23 9 529 3443 3971 3748 1382 230 92 177 
23 9 529 3443 3971 3749 1381 231 92 177 
23 9 529 3443 3971 3750 1379 232 92 178 
23 9 529 3443 3971 3751 1378 233 90 178 
23 9 529 3443 3971 3752 1376 234 92 178 
23 9 529 3443 3971 3753 1374 235 92 178 
23 9 529 3443 3971 3754 1373 236 92 178 
23 9 529 3443 3971 3755 1371 237 92 178 
23 9 529 3443 3971 3756 1370 238 90 178 
23 9 529 3443 3971 3757 1368 239 92 178 
23 9 529 3443 3971 3758 1366 239 92 180 
23 9 529 3443 3971 3759 1365 240 90 180 
23 9 529 3443 3971 3760 1363 241 92 180 
23 9 529 3443 3971 3761 1361 242 92 180 
23 9 529 3443 3971 3762 1360 243 92 180 
23 9 529 3443 3971 3763 1358 243 92 181 
23 9 529 3443 3971 3764 1356 244 92 181 
23 9 529 3443 3971 3765 1355 245 92 181 
23 9 529 3443 3971 3766 1353 246 92 181 
23 9 529 3443 3971 3767 1351 247 92 181 
23 9 529 3443 3971 3768 1350 248 92 181 
23 9 529 3443 3971 3769 1348 249 92 181 
23 9 529 3443 3971 3770 1346 250 92 181 
23 9 529 3443 3971 3771 1345 251 92 183 
23 9 529 3443 3971 3772 1343 252 92 183 
23 9 529 3443 3971 3773 1341 253 92 183 
23 9 529 3443 3971 3774 1339 254 92 183 
23 9 529 3443 3971 3775 1336 255 94 183 
23 9 529 3443 3971 3776 1334 256 94 183 
23 9 529 3443 3971 3777 1334 257 92 183 
23 9 529 3443 3971 3778 1331 258 94 183 
23 9 529 3443 3971 3779 1329 259 94 183 
23 9 529 3443 3971 3780 1327 260 94 183 
23 9 529 3443 3971 3781 1325 261 96 183 
23 9 529 3443 3971 3782 1324 262 94 183 
23 9 529 3443 3971 3783 1322 263 94 183 
23 9 529 3443 3971 3784 1320 264 94 183 
23 9 529 3443 3971 3785 1318 265 96 183 
23 9 529 3443 3971 3786 1316 266 96 183 
23 9 529 3443 3971 3787 1314 267 96 183 
23 9 529 3443 3971 3788 1313 268 96 183 
23 9 529 3443 3971 3789 1311 269 96 183 
23 9 529 3443 3971 3790 1309 270 96 183 
23 9 529 3443 3971 3791 1306 271 98 183 
23 9 529 3443 3971 3792 1304 272 98 183 
23 9 529 3443 3971 3793 1304 274 96 183 
23 9 529 3443 3971 3794 1302 275 96 183 
23 9 529 3443 3971 3795 1299 276 98 183 
23 9 529 3443 3971 3796 1297 277 98 183 
23 9 529 3443 3971 3797 1295 278 98 183 
23 9 529 3443 3971 3798 1294 279 98 183 
23 9 529 3443 3971 3799 1292 280 98 183 
23 9 529 3443 3971 3800 1290 281 98 183 
23 9 529 3443 3971 3801 1288 282 100 183 
23 9 529 3443 3971 3802 1286 283 100 183 
23 9 529 3443 3971 3803 1284 284 100 183 
23 9 529 3443 3971 3804 1283 285 98 183 
23 9 529 3443 3971 3805 1281 286 100 183 
23 9 529 3443 3971 3806 1279 287 100 183 
23 9 529 3443 3971 3807 1277 288 100 183 
23 9 529 3443 3971 3808 1274 289 102 183 
23 9 529 3443 3971 3809 1274 290 100 183 
23 9 529 3443 3971 3810 1272 291 100 183 
23 9 529 3443 3971 3811 1269 292 102 183 
23 9 529 3443 3971 3812 1267 293 102 183 
23 9 529 3443 3971 3813 1265 294 102 183 
23 9 529 3443 3971 3814 1264 296 102 183 
23 9 529 3443 3971 3815 1261 296 102 184 
23 9 529 3443 3971 3816 1259 297 102 184 
23 9 529 3443 3971 3817 1256 298 104 184 
23 9 529 3443 3971 3818 1254 299 104 184 
23 9 529 3443 3971 3819 1252 300 104 184 
23 9 529 3443 3971 3820 1248 301 106 184 
23 9 529 3443 3971 3821 1246 302 106 184 
23 9 529 3443 3971 3822 1245 303 104 184 
23 9 529 3443 3971 3823 1241 304 106 184 
23 9 529 3443 3971 3824 1239 304 106 186 
23 9 529 3443 3971 3825 1236 305 108 186 
23 9 529 3443 3971 3826 1234 306 108 186 
23 9 529 3443 3971 3827 1232 307 108 186 
23 9 529 3443 3971 3828 1229 308 108 186 
23 9 529 3443 3971 3829 1227 309 108 186 
23 9 529 3443 3971 3830 1223 310 110 186 
23 9 529 3443 3971 3831 1221 311 110 186 
23 9 529 3443 3971 3832 1218 312 112 186 
23 9 529 3443 3971 3833 1216 313 110 186 
23 9 529 3443 3971 3834 1213 314 112 186 
23 9 529 3443 3971 3835 1211 315 112 186 
23 9 529 3443 3971 3836 1207 315 114 187 
23 9 529 3443 3971 3837 1206 315 112 189 
23 9 529 3443 3971 3838 1202 316 114 189 
23 9 529 3443 3971 3839 1200 317 114 189 
23 9 529 3443 3971 3840 1197 318 114 189 
23 9 529 3443 3971 3841 1195 319 114 189 
23 9 529 3443 3971 3842 1192 320 116 189 
23 9 529 3443 3971 3843 1190 321 114 189 
23 9 529 3443 3971 3844 1187 322 116 189 
23 9 529 3443 3971 3845 1183 323 118 189 
23 9 529 3443 3971 3846 1182 324 116 190 
23 9 529 3443 3971 3847 1178 325 118 190 
23 9 529 3443 3971 3848 1176 326 118 190 
23 9 529 3443 3971 3849 1173 327 118 190 
23 9 529 3443 3971 3850 1170 328 120 190 
23 9 529 3443 3971 3851 1168 329 120 190 
23 9 529 3443 3971 3852 1165 330 120 190 
23 9 529 3443 3971 3853 1161 331 122 192 
23 9 529 3443 3971 3854 1160 332 120 192 
23 9 529 3443 3971 3855 1156 333 122 192 
23 9 529 3443 3971 3856 1153 334 122 192 
23 9 529 3443 3971 3857 1151 335 122 192 
23 9 529 3443 3971 3858 1148 336 124 192 
23 9 529 3443 3971 3859 1145 336 124 193 
23 9 529 3443 3971 3860 1143 337 124 193 
23 9 529 3443 3971 3861 1140 338 124 193 
23 9 529 3443 3971 3862 1136 339 126 193 
23 9 529 3443 3971 3863 1133 340 126 193 
23 9 529 3443 3971 3864 1131 341 126 195 
23 9 529 3443 3971 3865 1128 342 126 195 
23 9 529 3443 3971 3866 1125 343 128 195 
23 9 529 3443 3971 3867 1122 344 128 195 
23 9 529 3443 3971 3868 1120 346 128 195 
23 9 529 3443 3971 3869 1117 346 128 195 
23 9 529 3443 3971 3870 1114 347 128 195 
23 9 529 3443 3971 3871 1110 348 130 193 
23 9 529 3443 3971 3872 1107 349 130 193 
23 9 529 3443 3971 3873 1106 349 128 193 
23 9 529 3443 3971 3874 1102 350 130 193 
23 9 529 3443 3971 3875 1099 351 130 193 
23 9 529 3443 3971 3876 1096 353 132 192 
23 9 529 3443 3971 3877 1093 354 132 192 
23 9 529 3443 3971 3878 1091 354 130 192 
23 9 529 3443 3971 3879 1088 355 132 192 
23 9 529 3443 3971 3880 1085 356 132 192 
23 9 529 3443 3971 3881 1082 357 132 190 
23 9 529 3443 3971 3882 1078 358 134 190 
23 9 529 3443 3971 3883 1077 358 132 190 
23 9 529 3443 3971 3884 1073 359 134 190 
23 9 529 3443 3971 3885 1070 360 134 189 
23 9 529 3443 3971 3886 1067 361 134 189 
23 9 529 3443 3971 3887 1064 362 136 189 
23 9 529 3443 3971 3888 1062 362 134 189 
23 9 529 3443 3971 3889 1059 363 136 189 
23 9 529 3443 3971 3890 1056 364 136 187 
23 9 529 3443 3971 3891 1053 365 136 187 
23 9 529 3443 3971 3892 1049 366 138 187 
23 9 529 3443 3971 3893 1048 366 136 187 
23 9 529 3443 3971 3894 1045 367 136 187 
23 9 529 3443 3971 3895 1041 369 138 186 
23 9 529 3443 3971 3896 1038 370 138 186 
23 9 529 3443 3971 3897 1035 371 140 186 
23 9 529 3443 3971 3898 1033 371 138 186 
23 9 529 3443 3971 3899 1030 372 138 186 
23 9 529 3443 3971 3900 1027 373 140 184 
23 9 529 3443 3971 3901 1024 374 140 184 
23 9 529 3443 3971 3902 1022 375 140 184 
23 9 529 3443 3971 3903 1019 376 140 184 
23 9 529 3443 3971 3904 1017 377 138 184 
23 9 529 3443 3971 3905 1014 378 140 184 
23 9 529 3443 3971 3906 1012 379 138 184 
23 9 529 3443 3971 3907 1009 380 138 186 
23 9 529 3443 3971 3908 1007 381 138 186 
23 9 529 3443 3971 3909 1004 382 138 186 
23 9 529 3443 3971 3910 1002 383 138 186 
23 9 529 3443 3971 3911 1001 383 136 187 
23 9 529 3443 3971 3912 998 384 136 187 
23 9 529 3443 3971 3913 996 385 136 187 
23 9 529 3443 3971 3914 993 386 136 187 
23 9 529 3443 3971 3915 991 387 136 189 
23 9 529 3443 3971 3916 988 388 136 189 
23 9 529 3443 3971 3917 986 389 134 189 
23 9 529 3443 3971 3918 984 390 134 189 
23 9 529 3443 3971 3919 981 391 134 189 
23 9 529 3443 3971 3920 979 392 134 190 
23 9 529 3443 3971 3921 976 393 134 190 
23 9 529 3443 3971 3922 975 394 132 190 
23 9 529 3443 3971 3923 971 395 134 190 
23 9 529 3443 3971 3924 970 396 132 192 
23 9 529 3443 3971 3925 968 397 132 192 
23 9 529 3443 3971 3926 965 398 132 192 
23 9 529 3443 3971 3927 963 399 130 192 
23 9 529 3443 3971 3928 960 399 132 193 
23 9 529 3443 3971 3929 958 400 130 193 
23 9 529 3443 3971 3930 955 401 132 193 
23 9 529 3443 3971 3931 953 402 130 193 
23 9 529 3443 3971 3932 951 403 130 195 
23 9 529 3443 3971 3933 949 403 130 195 
23 9 529 3443 3971 3934 948 404 130 195 
23 9 529 3443 3971 3935 947 405 130 195 
23 9 529 3443 3971 3936 946 406 130 195 
23 9 529 3443 3971 3937 944 406 130 195 
23 9 529 3443 3971 3938 943 407 130 195 
23 9 529 3443 3971 3939 942 408 130 195 
23 9 529 3443 3971 3940 941 409 130 195 
23 9 529 3443 3971 3941 940 410 130 195 
23 9 529 3443 3971 3942 938 410 130 195 
23 9 529 3443 3971 3943 937 411 130 195 
23 9 529 3443 3971 3944 936 412 130 195 
23 9 529 3443 3971 3945 935 413 130 195 
23 9 529 3443 3971 3946 934 414 130 195 
23 9 529 3443 3971 3947 932 414 130 195 
23 9 529 3443 3971 3948 931 415 130 195 
23 9 529 3443 3971 3949 930 416 130 195 
23 9 529 3443 3971 3950 929 417 130 195 
23 9 529 3443 3971 3951 927 417 130 195 
23 9 529 3443 3971 3952 926 418 130 195 
23 9 529 3443 3971 3953 925 419 130 195 
23 9 529 3443 3971 3954 924 420 130 195 
23 9 529 3443 3971 3955 923 421 130 195 
23 9 529 3443 3971 3956 921 421 130 195 
23 9 529 3443 3971 3957 920 422 130 195 
23 9 529 3443 3971 3958 919 423 130 195 
23 9 529 3443 3971 3959 918 424 130 195 
23 9 529 3443 3971 3960 917 425 130 195 
23 9 529 3443 3971 3961 915 425 130 195 
23 9 529 3443 3971 3962 914 426 130 195 
23 9 529 3443 3971 3963 913 427 130 195 
23 9 529 3443 3971 3964 912 428 130 195 
23 9 529 3443 3971 3965 911 429 130 195 
23 9 529 3443 3971 3966 910 429 130 193 
23 9 529 3443 3971 3967 910 429 130 193 
23 9 529 3443 3971 3968 910 429 130 193 
23 9 529 3443 3971 3969 910 429 130 193 
23 9 529 3443 3971 3970 910 431 130 192 
23 9 529 3443 3971 3971 910 431 130 192 
