0 6 196 637 832 637 660 475 111 40 
0 6 196 637 832 638 660 475 111 40 
0 6 196 637 832 639 660 475 111 40 
0 6 196 637 832 640 660 475 111 40 
0 6 196 637 832 641 660 475 111 40 
0 6 196 637 832 642 660 475 111 40 
0 6 196 637 832 643 660 475 111 40 
0 6 196 637 832 644 660 475 111 40 
0 6 196 637 832 645 660 475 111 40 
0 6 196 637 832 646 660 475 111 40 
0 6 196 637 832 647 660 475 111 40 
0 6 196 637 832 648 660 475 111 40 
0 6 196 637 832 649 660 475 111 40 
0 6 196 637 832 650 660 475 111 40 
0 6 196 637 832 651 660 475 111 40 
0 6 196 637 832 652 660 475 111 40 
0 6 196 637 832 653 660 475 111 40 
0 6 196 637 832 654 660 475 111 40 
0 6 196 637 832 655 660 475 111 40 
0 6 196 637 832 656 660 475 111 40 
0 6 196 637 832 657 660 475 111 40 
0 6 196 637 832 658 660 475 111 40 
0 6 196 637 832 659 660 475 111 40 
0 6 196 637 832 660 660 475 111 40 
0 6 196 637 832 661 660 475 111 40 
0 6 196 637 832 662 660 475 111 40 
0 6 196 637 832 663 660 475 111 40 
0 6 196 637 832 664 660 475 111 40 
0 6 196 637 832 665 660 475 111 40 
0 6 196 637 832 666 660 475 111 40 
0 6 196 637 832 667 660 475 111 40 
0 6 196 637 832 668 660 475 111 40 
0 6 196 637 832 669 660 475 111 40 
0 6 196 637 832 670 660 475 111 40 
0 6 196 637 832 671 660 475 111 40 
0 6 196 637 832 672 660 475 111 40 
0 6 196 637 832 673 660 475 111 40 
0 6 196 637 832 674 660 475 111 40 
0 6 196 637 832 675 660 475 111 40 
0 6 196 637 832 676 660 475 111 40 
0 6 196 637 832 677 660 475 111 40 
0 6 196 637 832 678 660 475 111 40 
0 6 196 637 832 679 660 475 111 40 
0 6 196 637 832 680 660 475 111 40 
0 6 196 637 832 681 660 475 111 40 
0 6 196 637 832 682 660 475 111 40 
0 6 196 637 832 683 660 475 111 40 
0 6 196 637 832 684 660 475 111 40 
0 6 196 637 832 685 660 475 111 40 
0 6 196 637 832 686 660 475 111 40 
0 6 196 637 832 687 660 475 111 40 
0 6 196 637 832 688 660 475 111 40 
0 6 196 637 832 689 660 475 111 40 
0 6 196 637 832 690 660 475 111 40 
0 6 196 637 832 691 660 475 111 40 
0 6 196 637 832 692 660 475 111 40 
0 6 196 637 832 693 660 475 111 40 
0 6 196 637 832 694 660 475 111 40 
0 6 196 637 832 695 660 475 111 40 
0 6 196 637 832 696 660 475 111 40 
0 6 196 637 832 697 660 475 111 40 
0 6 196 637 832 698 660 475 111 40 
0 6 196 637 832 699 660 475 111 40 
0 6 196 637 832 700 660 475 111 40 
0 6 196 637 832 701 660 475 111 40 
0 6 196 637 832 702 660 475 111 40 
0 6 196 637 832 703 660 475 111 40 
0 6 196 637 832 704 660 475 111 40 
0 6 196 637 832 705 660 475 111 40 
0 6 196 637 832 706 660 475 111 40 
0 6 196 637 832 707 660 475 111 40 
0 6 196 637 832 708 660 475 111 40 
0 6 196 637 832 709 660 475 111 40 
0 6 196 637 832 710 660 475 111 40 
0 6 196 637 832 711 660 475 111 40 
0 6 196 637 832 712 660 475 111 40 
0 6 196 637 832 713 660 475 111 40 
0 6 196 637 832 714 660 475 111 40 
0 6 196 637 832 715 660 475 111 40 
0 6 196 637 832 716 660 475 111 40 
0 6 196 637 832 717 660 475 111 40 
0 6 196 637 832 718 660 475 111 40 
0 6 196 637 832 719 660 475 111 40 
0 6 196 637 832 720 660 475 111 40 
0 6 196 637 832 721 660 475 111 40 
0 6 196 637 832 722 660 475 111 40 
0 6 196 637 832 723 660 475 111 40 
0 6 196 637 832 724 660 475 111 40 
0 6 196 637 832 725 660 475 111 40 
0 6 196 637 832 726 660 475 111 40 
0 6 196 637 832 727 660 475 111 40 
0 6 196 637 832 728 660 475 111 40 
0 6 196 637 832 729 660 475 111 40 
0 6 196 637 832 730 660 475 111 40 
0 6 196 637 832 731 660 475 111 40 
0 6 196 637 832 732 660 475 111 40 
0 6 196 637 832 733 660 475 111 40 
0 6 196 637 832 734 660 475 111 40 
0 6 196 637 832 735 660 475 111 40 
0 6 196 637 832 736 660 475 111 40 
0 6 196 637 832 737 660 475 111 40 
0 6 196 637 832 738 660 475 111 40 
0 6 196 637 832 739 660 475 111 40 
0 6 196 637 832 740 660 475 111 40 
0 6 196 637 832 741 660 475 111 40 
0 6 196 637 832 742 660 475 111 40 
0 6 196 637 832 743 660 475 111 40 
0 6 196 637 832 744 660 475 111 40 
0 6 196 637 832 745 660 475 111 40 
0 6 196 637 832 746 660 475 111 40 
0 6 196 637 832 747 660 475 111 40 
0 6 196 637 832 748 660 475 111 40 
0 6 196 637 832 749 660 475 111 40 
0 6 196 637 832 750 660 475 111 40 
0 6 196 637 832 751 660 475 111 40 
0 6 196 637 832 752 660 475 111 40 
0 6 196 637 832 753 660 475 111 40 
0 6 196 637 832 754 660 475 111 40 
0 6 196 637 832 755 660 475 111 40 
0 6 196 637 832 756 660 475 111 40 
0 6 196 637 832 757 660 475 111 40 
0 6 196 637 832 758 660 475 111 40 
0 6 196 637 832 759 660 475 111 40 
0 6 196 637 832 760 660 475 111 40 
0 6 196 637 832 761 660 475 111 40 
0 6 196 637 832 762 660 475 111 40 
0 6 196 637 832 763 660 475 111 40 
0 6 196 637 832 764 660 475 111 40 
0 6 196 637 832 765 660 475 111 40 
0 6 196 637 832 766 660 475 111 40 
0 6 196 637 832 767 660 475 111 40 
0 6 196 637 832 768 660 475 111 40 
0 6 196 637 832 769 660 475 111 40 
0 6 196 637 832 770 660 475 111 40 
0 6 196 637 832 771 660 475 111 40 
0 6 196 637 832 772 660 475 111 40 
0 6 196 637 832 773 660 475 111 40 
0 6 196 637 832 774 660 475 111 40 
0 6 196 637 832 775 660 475 111 40 
0 6 196 637 832 776 660 475 111 40 
0 6 196 637 832 777 660 475 111 40 
0 6 196 637 832 778 660 475 111 40 
0 6 196 637 832 779 660 475 111 40 
0 6 196 637 832 780 660 475 111 40 
0 6 196 637 832 781 660 475 111 40 
0 6 196 637 832 782 660 475 111 40 
0 6 196 637 832 783 660 475 111 40 
0 6 196 637 832 784 660 475 111 40 
0 6 196 637 832 785 660 475 111 40 
0 6 196 637 832 786 660 475 111 40 
0 6 196 637 832 787 660 475 111 40 
0 6 196 637 832 788 660 475 111 40 
0 6 196 637 832 789 660 475 111 40 
0 6 196 637 832 790 660 475 111 40 
0 6 196 637 832 791 660 475 111 40 
0 6 196 637 832 792 660 475 111 40 
0 6 196 637 832 793 660 475 111 40 
0 6 196 637 832 794 660 475 111 40 
0 6 196 637 832 795 660 475 111 40 
0 6 196 637 832 796 660 475 111 40 
0 6 196 637 832 797 660 475 111 40 
0 6 196 637 832 798 660 475 111 40 
0 6 196 637 832 799 660 475 111 40 
0 6 196 637 832 800 660 475 111 40 
0 6 196 637 832 801 660 475 111 40 
0 6 196 637 832 802 660 475 111 40 
0 6 196 637 832 803 660 475 111 40 
0 6 196 637 832 804 660 475 111 40 
0 6 196 637 832 805 660 475 111 40 
0 6 196 637 832 806 660 475 111 40 
0 6 196 637 832 807 660 475 111 40 
0 6 196 637 832 808 660 475 111 40 
0 6 196 637 832 809 660 475 111 40 
0 6 196 637 832 810 660 475 111 40 
0 6 196 637 832 811 660 475 111 40 
0 6 196 637 832 812 660 475 111 40 
0 6 196 637 832 813 660 475 111 40 
0 6 196 637 832 814 660 475 111 40 
0 6 196 637 832 815 660 475 111 40 
0 6 196 637 832 816 660 475 111 40 
0 6 196 637 832 817 660 475 111 40 
0 6 196 637 832 818 660 475 111 40 
0 6 196 637 832 819 660 475 111 40 
0 6 196 637 832 820 660 475 111 40 
0 6 196 637 832 821 660 475 111 40 
0 6 196 637 832 822 660 475 111 40 
0 6 196 637 832 823 660 475 111 40 
0 6 196 637 832 824 660 475 111 40 
0 6 196 637 832 825 660 475 111 40 
0 6 196 637 832 826 660 475 111 40 
0 6 196 637 832 827 660 475 111 40 
0 6 196 637 832 828 660 475 111 40 
0 6 196 637 832 829 660 475 111 40 
0 6 196 637 832 830 660 475 111 40 
0 6 196 637 832 831 660 475 111 40 
0 6 196 637 832 832 660 475 111 40 
